141
98
282
0 1 2 3 4 5 6 7 8 9 10 11 12 13 14 15 16 17 18 19 20 21 22 23 24 25 26 27 28 29 30 31 32 33 34 35 36 37 38 39 40 41 42 43 44 45 46 47 48 49 50 51 52 53 54 55 57 59 61 63 65 67 69 71 73 75 77 79 81 83 85 87 89 91 93 95 97 99 101 103 105 107 109 111 113 115 117 120 123 126 129 132 135 138 141 144 147 150 153 156 159 162 165 168 171 174 177 180 183 186 189 192 195 198 201 204 207 210 213 216 219 222 225 228 231 234 237 240 243 246 249 252 255 258 261 264 267 270 273 276 279 282 
43 44 45 46 47 48 49 50 51 52 53 54 55 56 57 58 59 60 61 62 63 64 65 66 67 68 69 70 71 72 73 74 75 76 77 78 79 80 81 82 83 84 85 86 87 88 89 90 91 92 93 94 95 96 97 0 1 0 2 0 3 0 4 0 5 0 6 0 7 0 8 0 9 0 10 0 11 0 12 0 13 0 14 0 15 0 16 0 17 0 18 0 19 0 20 0 21 0 22 0 23 0 24 0 25 0 26 0 27 0 28 0 29 0 30 0 31 0 1 43 1 32 44 2 32 45 0 2 46 32 33 47 3 33 48 0 3 49 5 33 50 4 5 51 5 34 52 0 34 53 6 34 54 7 35 55 8 35 56 0 35 57 9 35 58 9 36 59 10 11 60 11 36 61 0 36 62 12 36 63 12 37 64 6 37 65 13 37 66 13 38 67 0 38 68 16 38 69 16 39 70 14 39 71 15 39 72 0 39 73 18 38 74 17 18 75 0 17 76 18 40 77 0 40 78 40 41 79 21 22 80 22 41 81 20 22 82 19 20 83 0 19 84 23 41 85 23 42 86 26 42 87 24 26 88 25 26 89 27 42 90 27 29 91 28 29 92 0 29 93 0 30 94 29 30 95 30 31 96 0 31 97 
-117.04 -117.04 -117.04 -117.04 -117.04 -117.04 -117.04 -117.04 -117.04 -117.04 -117.04 -117.04 -117.04 -117.04 -117.04 -117.04 -117.04 -117.04 -117.04 -117.04 -117.04 -117.04 -117.04 -117.04 -117.04 -117.04 -117.04 -117.04 -117.04 -117.04 -117.04 -117.04 -117.04 -117.04 -117.04 -117.04 -117.04 -117.04 -117.04 -117.04 -117.04 -117.04 -117.04 -117.04 -117.04 -117.04 -117.04 -117.04 -117.04 -117.04 -117.04 -117.04 -117.04 -117.04 -117.04 1 -1 1 -1 1 -1 1 -1 1 -1 1 -1 1 -1 1 -1 1 -1 1 -1 1 -1 1 -1 1 -1 1 -1 1 -1 1 -1 1 -1 1 -1 1 -1 1 -1 1 -1 1 -1 1 -1 1 -1 1 -1 1 -1 1 -1 1 -1 1 -1 1 -1 1 -1 -1 1 1 1 -1 1 1 -1 1 -1 1 1 1 -1 1 1 -1 1 -1 1 1 -1 1 1 1 -1 1 1 -1 1 -1 1 1 -1 1 1 1 -1 1 1 -1 1 -1 1 1 -1 1 1 1 -1 1 1 -1 1 1 -1 1 -1 1 1 -1 1 1 1 -1 1 1 -1 1 -1 1 1 1 -1 1 -1 1 1 1 -1 1 -1 1 1 1 -1 1 1 -1 1 -1 1 1 -1 1 1 1 -1 1 -1 1 1 1 -1 1 -1 1 1 1 -1 1 1 -1 1 1 -1 1 1 -1 1 1 -1 1 -1 1 1 -1 1 1 1 -1 1 1 -1 1 1 -1 1 1 -1 1 -1 1 1 1 -1 1 1 -1 1 -1 1 1 -1 1 1 1 -1 1 1 -1 1 -1 1 1 
28.21 18.57 8.45 21.16 28.38 9.8 23.29 5.07 6.78 2.9 27.89 10.03 14.74 6.19 22.1 15.82 11.33 5.79 3.9 24.79 16.36 3.45 2.26 3.86 8.41 26.46 16.01 16.73 11.75 3.25 27.41 5.98 21.88 43.71 11.42 23.4 7.5 6.73 5.92 9.7 12.67 26.45 2.71 5.89 9.85 8.5 9 2.27 6.37 16.2 23.58 29.93 6.73 20.66 30.92 0 0 0 0 0 0 0 0 0 0 0 0 0 0 0 0 0 0 0 0 0 0 0 0 0 0 0 0 0 0 0 0.979 0.034 0.016 0.914 0.057 0.016 0.969 0.006 0.01 0.002 0.976 0.017 0.027 0.009 0.964 0.025 0.015 0.01 0.006 0.97 0.022 0.003 0.002 0.004 0.969 0.021 0.026 0.022 0.005 0.971 0.004 0.054 0.054 1.017 0.02 0.967 0.011 0.012 0.004 0.012 0.024 0.975 0.002 0.004 0.018 0.016 0.015 0.001 0.009 0.025 0.967 0.98 0.01 0.035 0.978 
0 1 1 0 1 1 0 1 1 1 0 1 1 1 1 0 1 1 1 0 1 1 1 1 1 0 1 1 1 1 0 1 1 0 1 0 1 1 1 1 1 0 1 1 1 1 1 1 1 1 1 0 0 0 0 2.45 0.61 7.91 4.54 1.14 0.28 1.13 21.46 4.64 0.31 1.24 0.07 2.41 0.39 7.41 0.07 19.22 10.49 0.88 5.7 0.28 0.28 0.19 0.19 0.28 0.57 5.3 5.32 0.76 5.08 6.44 0 0 0 0 0 0 0 0 0 0 0 0 0 0 0 0 0 0 0 0 0 0 0 0 0 0 0 0 0 0 0 0 0 0 0 0 0 0 0 0 0 0 0 0 0 0 0 0 0 0 0 0 0 0 0 
0 1 1 0 1 1 0 1 1 1 0 1 1 1 1 1 1 1 1 0 1 1 1 1 1 0 1 1 1 1 0 1 1 0 1 0 1 1 1 1 1 0 1 1 1 1 1 1 1 1 1 0 1 0 1 2.45 0.61 7.91 4.54 1.14 0.28 1.13 21.46 4.64 0.31 1.24 0.07 2.41 0.39 7.41 0.07 19.22 10.49 0.88 5.7 0.28 0.28 0.19 0.19 0.28 0.57 5.3 5.32 0.76 5.08 6.44 1e+200 1e+200 1e+200 1e+200 1e+200 1e+200 1e+200 1e+200 1e+200 1e+200 1e+200 1e+200 1e+200 1e+200 1e+200 1e+200 1e+200 1e+200 1e+200 1e+200 1e+200 1e+200 1e+200 1e+200 1e+200 1e+200 1e+200 1e+200 1e+200 1e+200 1e+200 1e+200 1e+200 1e+200 1e+200 1e+200 1e+200 1e+200 1e+200 1e+200 1e+200 1e+200 1e+200 1e+200 1e+200 1e+200 1e+200 1e+200 1e+200 1e+200 1e+200 1e+200 1e+200 1e+200 1e+200 
0 0 0 0 0 0 0 0 0 0 0 0 0 0 0 0 0 0 0 0 0 0 0 0 0 0 0 0 0 0 0 0 0 0 0 0 0 0 0 0 0 0 0 -1e+200 -1e+200 -1e+200 -1e+200 -1e+200 -1e+200 -1e+200 -1e+200 -1e+200 -1e+200 -1e+200 -1e+200 -1e+200 -1e+200 -1e+200 -1e+200 -1e+200 -1e+200 -1e+200 -1e+200 -1e+200 -1e+200 -1e+200 -1e+200 -1e+200 -1e+200 -1e+200 -1e+200 -1e+200 -1e+200 -1e+200 -1e+200 -1e+200 -1e+200 -1e+200 -1e+200 -1e+200 -1e+200 -1e+200 -1e+200 -1e+200 -1e+200 -1e+200 -1e+200 -1e+200 -1e+200 -1e+200 -1e+200 -1e+200 -1e+200 -1e+200 -1e+200 -1e+200 -1e+200 -1e+200 
0 0 0 0 0 0 0 0 0 0 0 0 0 0 0 0 0 0 0 0 0 0 0 0 0 0 0 0 0 0 0 0 0 0 0 0 0 0 0 0 0 0 0 0 0 0 0 0 0 0 0 0 0 0 0 0 0 0 0 0 0 0 0 0 0 0 0 0 0 0 0 0 0 0 0 0 0 0 0 0 0 0 0 0 0 0 0 0 0 0 0 0 0 0 0 0 0 0 
